0 0 0.8 BR
0 4 0.022222222222222216 BR
0 5 0.022222222222222216 BR
0 8 0.022222222222222216 BR
0 11 0.022222222222222216 BR
0 12 0.022222222222222216 BR
0 13 0.022222222222222216 BR
0 15 0.022222222222222216 BR
0 16 0.022222222222222216 BR
0 17 0.022222222222222216 BR
1 1 0.8 BR
1 5 0.024999999999999994 BR
1 10 0.024999999999999994 BR
1 12 0.024999999999999994 BR
1 13 0.024999999999999994 BR
1 14 0.024999999999999994 BR
1 15 0.024999999999999994 BR
1 18 0.024999999999999994 BR
1 19 0.024999999999999994 BR
2 2 1.0 BR
3 3 1.0 BR
4 4 1.0 BR
5 5 1.0 BR
6 6 1.0 BR
7 7 1.0 BR
8 8 1.0 BR
9 9 1.0 BR
10 10 1.0 BR
11 11 1.0 BR
12 12 1.0 BR
13 13 1.0 BR
14 14 1.0 BR
15 15 1.0 BR
16 16 1.0 BR
17 17 1.0 BR
18 18 1.0 BR
19 19 1.0 BR
