0,0,0
1,0,1828255
2,0,1828255
3,0,1828255
4,0,1828255
5,0,1828255
6,0,1828255
7,0,1828255
8,0,1828255
9,0,1828255
10,0,1828255
11,0,1828255
12,0,1828255
13,0,1828255
14,0,1828255
15,0,1828255
16,0,1828255
17,0,1828255
18,0,1828255
19,0,1828255
20,0,1828255
21,0,1828255
22,0,1828255
23,0,1828255
24,0,1828255
25,0,1828255
26,0,1828255
27,0,1828255
28,0,1828255
29,0,1828255
30,0,1828255
31,0,1828255
32,0,1828255
33,0,1828255
34,0,1828255
35,0,1828255
36,0,1828255
37,0,1828255
38,0,1828939
39,0,1830951
40,0,1837468
41,0,1841047
42,0,1841984
43,257218,1844943
44,691695,1855207
45,1020975,1869359
46,1250588,1884418
47,1250588,1899212
48,1250588,1916000
49,1250588,1933884
50,1250588,1968345
51,1250588,2017570
52,1250588,2073705
53,1250588,2140283
54,1250588,2212351
55,1250588,2285654
56,1250588,2356889
57,1250588,2433275
58,1250588,2502457
59,1250588,2595872
60,1250588,2671885
61,1250588,2757051
62,1250588,2828172
63,1250588,2890979
64,1250588,2958542
65,1250588,3030373
66,1250588,3086061
67,1250588,3129170
68,1250588,3176737
69,1250588,3230051
70,1250588,3275231
71,1250588,3315287
72,1250588,3344815
73,1250588,3377795
74,1250588,3394466
75,1250588,3419088
76,1250588,3455093
77,1250588,3503910
78,1250588,3517178
79,1250588,3543711
80,1250588,3557020
81,1250588,3565281
82,1250588,3574510
83,1250588,3585637
84,1250588,3597404
85,1250588,3605265
86,1250588,3620541
87,1250588,3629104
88,1250588,3632422
89,1250588,3641049
90,1250588,3655569
91,1250588,3667009
92,1250588,3680998
93,1250588,3693274
94,1250588,3704734
95,1250750,3719436
96,1250750,3741753
97,1250750,3762401
98,1250770,3773401
99,1251163,3806777
100,1252013,3829410
101,1254076,3853824
102,1254076,3874907
103,1256802,3917436
104,1259931,3949766
105,1261697,3980257
106,1269871,4016070
107,1273340,4054224
108,1277762,4101184
109,1282743,4146127
110,1289468,4180435
111,1294821,4214357
112,1298202,4248041
113,1302382,4284524
114,1302490,4328652
115,1302490,4382935
116,1303135,4418140
117,1303135,4452430
118,1303135,4485211
119,1303135,4538552
120,1303135,4576332
121,1303135,4617096
122,1303135,4663488
123,1303135,4709737
124,1303135,4750395
125,1303135,4797354
126,1303135,4856567
127,1303135,4900133
128,1303135,4946238
129,1303135,4991090
130,1303135,5032784
131,1303135,5072691
132,1303135,5107872
133,1303135,5132781
134,1303135,5161295
135,1303135,5182312
136,1303135,5214401
137,1303135,5238655
138,1303135,5273459
139,1303135,5314925
140,1303135,5343774
141,1303135,5373534
142,1303135,5398872
143,1303135,5431849
144,1303135,5457733
145,1303135,5482661
146,1303135,5493846
147,1303135,5516404
148,1303135,5537023
149,1303135,5562358
150,1303135,5594290
151,1303135,5614871
152,1303135,5633245
153,1303135,5658817
154,1303135,5691351
155,1303135,5728764
156,1303135,5747074
157,1303135,5789090
158,1303135,5826275
159,1303135,5871954
160,1303135,5900368
161,1303135,5938896
162,1303135,5977816
163,1303135,6013837
164,1303135,6050972
165,1303135,6086634
166,1303135,6132971
167,1303135,6186195
168,1303135,6220046
169,1303135,6252915
170,1303135,6294117
171,1303135,6323768
172,1303135,6370180
173,1303135,6407434
174,1303135,6445025
175,1303135,6478089
176,1303135,6514011
177,1303135,6548668
178,1303135,6586711
179,1303135,6621120
180,1303135,6659212
181,1303135,6691638
182,1303135,6723770
183,1303135,6754868
184,1303135,6785575
185,1303135,6822951
186,1303135,6867446
187,1303135,6930930
188,1303135,6949807
189,1303135,6995934
190,1303135,7024430
191,1303135,7059687
192,1303135,7090074
193,1303135,7114219
194,1303135,7148317
195,1303135,7175456
196,1303135,7197260
197,1303135,7216649
198,1303135,7250195
199,1303135,7293342
200,1303135,7317418
201,1303135,7356375
202,1303135,7392645
203,1303135,7415564
204,1303135,7454913
205,1303135,7494106
206,1303135,7518452
207,1303135,7554530
208,1303135,7601053
209,1303135,7628171
210,1303135,7652674
211,1303135,7679031
212,1303135,7711863
213,1303135,7738152
214,1303135,7772402
215,1303135,7808019
216,1303135,7830997
217,1303135,7885355
218,1303135,7916483
219,1303135,7947790
220,1303135,7973968
221,1303135,8006055
222,1303135,8032206
223,1303135,8069047
224,1303135,8115878
225,1303135,8162785
226,1303135,8214452
227,1303135,8250820
228,1303135,8288895
229,1303135,8325924
230,1303135,8358899
231,1303135,8390357
232,1303135,8429053
233,1303135,8469896
234,1303135,8505542
235,1303135,8535390
236,1303135,8565201
237,1303135,8603135
238,1303135,8634101
239,1303135,8665085
240,1303135,8701277
241,1303135,8728300
242,1303135,8770104
243,1303135,8810259
244,1303135,8842310
245,1303135,8878713
246,1303135,8936781
247,1303135,8955093
248,1303135,8990767
249,1303135,9024975
250,1303135,9060486
251,1303135,9086701
252,1303135,9123812
253,1303135,9165965
254,1303135,9193214
255,1303135,9239099
256,1303135,9263920
257,1303135,9298191
258,1303135,9334597
259,1303135,9365212
260,1303135,9393361
261,1303135,9414741
262,1303135,9439541
263,1303135,9480362
264,1303135,9519173
265,1303135,9548159
266,1303135,9600542
267,1303135,9625660
268,1303135,9654102
269,1303135,9666655
270,1303135,9688174
271,1303135,9732028
272,1303135,9788139
273,1303135,9813855
274,1303135,9844415
275,1303135,9886036
276,1303135,9928404
277,1303135,9951951
278,1303135,9977437
279,1303135,10012057
280,1303135,10047253
281,1303135,10102883
282,1303135,10144754
283,1303135,10187229
284,1303135,10220295
285,1303135,10255362
286,1303135,10280503
287,1303135,10315140
288,1303135,10351144
289,1303135,10382044
290,1303135,10434750
291,1303135,10476316
292,1303135,10501885
293,1303135,10527194
294,1303135,10554793
295,1303135,10581224
296,1303135,10620100
297,1303135,10655453
298,1303135,10685633
299,1303135,10722243
300,1303135,10759052
301,1303135,10801645
302,1303135,10833200
303,1303135,10872507
304,1303135,10907132
305,1303135,10944308
306,1303135,10977341
307,1303135,11011419
308,1303135,11056812
309,1303135,11088432
310,1303135,11126023
311,1303135,11149627
312,1303135,11178916
313,1303135,11202304
314,1303135,11228823
315,1303135,11245951
316,1303135,11278125
317,1303135,11312015
318,1303135,11337945
319,1303135,11371967
320,1303135,11399761
321,1303135,11442844
322,1303135,11490400
323,1303135,11537056
324,1303135,11555318
325,1303135,11583309
326,1303135,11616950
327,1303135,11652253
328,1303135,11690249
329,1303135,11723902
330,1303135,11764658
331,1303135,11787708
332,1303135,11830428
333,1303135,11883482
334,1303135,11917903
335,1303135,11962065
336,1303135,12008533
337,1303135,12039281
338,1303135,12070069
339,1303135,12095217
340,1303135,12136066
341,1303135,12182360
342,1303135,12210951
343,1303135,12245314
344,1303135,12286450
345,1303135,12312914
346,1303135,12343187
347,1303135,12379335
348,1303135,12410364
349,1303135,12457848
350,1303135,12491373
351,1303135,12522678
352,1303135,12569022
353,1303135,12584009
354,1303135,12615339
355,1303135,12649463
356,1303135,12681962
357,1303135,12712918
358,1303135,12740711
359,1303135,12777372
360,1303135,12818405
361,1303135,12848058
362,1303135,12873475
363,1303135,12906934
364,1303135,12935921
365,1303135,12960174
366,1303135,12999848
367,1303135,13036131
368,1303135,13072834
369,1303135,13105079
370,1303135,13140211
371,1303135,13167772
372,1303135,13196455
373,1303135,13217836
374,1303135,13247879
375,1303135,13278737
376,1303135,13304145
377,1303135,13337525
378,1303135,13375208
379,1303135,13411667
380,1303135,13447182
381,1303135,13496599
382,1303135,13542667
383,1303135,13574245
384,1303135,13626841
385,1303135,13646611
386,1303135,13671944
387,1303135,13708648
388,1303135,13751008
389,1303135,13790184
390,1303135,13823895
391,1303135,13862462
392,1303135,13899588
393,1303135,13939366
394,1303135,13981274
395,1303135,14014445
396,1303135,14059288
397,1303135,14087933
398,1303135,14120536
399,1303135,14156855
400,1303135,14199911
401,1303135,14230392
402,1303135,14253797
403,1303135,14304699
404,1303135,14340300
405,1303135,14377614
406,1303135,14410180
407,1303135,14439747
408,1303135,14464187
409,1303135,14492128
410,1303135,14520479
411,1303135,14551204
412,1303135,14572134
413,1303135,14599790
414,1303135,14619949
415,1303135,14646192
416,1303135,14688870
417,1303135,14712797
418,1303135,14751164
419,1303135,14781022
420,1303135,14820046
421,1303135,14859280
422,1303135,14898421
423,1303135,14927763
424,1303135,14966642
425,1303135,15004703
426,1303135,15041154
427,1303135,15072257
428,1303135,15102205
429,1303135,15141740
430,1303135,15178880
431,1303135,15219226
432,1303135,15254028
433,1303135,15292466
434,1303135,15327345
435,1303135,15359555
436,1303135,15388802
437,1303135,15421238
438,1303135,15459455
439,1303135,15504971
440,1303135,15544362
441,1303135,15584679
442,1303135,15620585
443,1303135,15654007
444,1303135,15685751
445,1303135,15710690
446,1303135,15738351
447,1303135,15765106
448,1303135,15807817
449,1303135,15840585
450,1303135,15867703
451,1303135,15902219
452,1303135,15933182
453,1303135,15982538
454,1303135,16005458
455,1303135,16039909
456,1303135,16076488
457,1303135,16115002
458,1303135,16163671
459,1303135,16195267
460,1303135,16228236
461,1303135,16268231
462,1303135,16295650
463,1303135,16341207
464,1303135,16370941
465,1303135,16403191
466,1303135,16433138
467,1303135,16469255
468,1303135,16492946
469,1303135,16517572
470,1303135,16548892
471,1303135,16596397
472,1303135,16622643
473,1303135,16665593
474,1303135,16706129
475,1303135,16731822
476,1303135,16766424
477,1303135,16796784
478,1303135,16833111
479,1303135,16862225
480,1303135,16897255
481,1303135,16934521
482,1303135,16979928
483,1303135,17011605
484,1303135,17039197
485,1303135,17080241
486,1303135,17104198
487,1303135,17136488
488,1303135,17173264
489,1303135,17208089
490,1303135,17256688
491,1303135,17282170
492,1303135,17303474
493,1303135,17331636
494,1303135,17383919
495,1303135,17418339
496,1303135,17452390
497,1303135,17486078
498,1303135,17529018
499,1303135,17557650
500,1303135,17594979
501,1303135,17607021
502,1303135,17628937
503,1303135,17667175
504,1303135,17703507
505,1303135,17751519
506,1303135,17788821
507,1303135,17827940
508,1303135,17862731
509,1303135,17904383
510,1303135,17943747
511,1303135,17976520
512,1303135,18016649
513,1303135,18045815
514,1303135,18090212
515,1303135,18131068
516,1303135,18148177
517,1303135,18200360
518,1303135,18232739
519,1303135,18260892
520,1303135,18296618
521,1303135,18325498
522,1303135,18354096
523,1303135,18387296
524,1303135,18424196
525,1303135,18447547
526,1303135,18485233
527,1303135,18519907
528,1303135,18552619
529,1303135,18587892
530,1303135,18625481
531,1303135,18664070
532,1303135,18694144
533,1303135,18725377
534,1303135,18759112
535,1303135,18783950
536,1303135,18821671
537,1303135,18844326
538,1303135,18881020
539,1303135,18911594
540,1303135,18937958
541,1303135,18971190
542,1303135,18998396
543,1303135,19047291
544,1303135,19093781
545,1303135,19130754
546,1303135,19176355
547,1303135,19206789
548,1303135,19239436
549,1303135,19269239
550,1303135,19300321
551,1303135,19330919
552,1303135,19360385
553,1303135,19400420
554,1303135,19426663
555,1303135,19459629
556,1303135,19503561
557,1303135,19536661
558,1303135,19569201
559,1303135,19610791
560,1303135,19659526
561,1303135,19689402
562,1303135,19714453
563,1303135,19762743
564,1303135,19780694
565,1303135,19820667
566,1303135,19870287
567,1303135,19904934
568,1303135,19943209
569,1303135,19965092
570,1303135,19988552
571,1303135,20018498
572,1303135,20055825
573,1303135,20091232
574,1303135,20123060
575,1303135,20167733
576,1303135,20202919
577,1303135,20226482
578,1303135,20262774
579,1303135,20309225
580,1303135,20347276
581,1303135,20381721
582,1303135,20406399
583,1303135,20436944
584,1303135,20461582
585,1303135,20509595
586,1303135,20535013
587,1303135,20567697
588,1303135,20593704
589,1303135,20627370
590,1303135,20672242
591,1303135,20705041
592,1303135,20736340
593,1303135,20778982
594,1303135,20810165
595,1303135,20853836
596,1303135,20886425
597,1303135,20927945
598,1303135,20956972
599,1303135,20989720
600,1303135,21026709
601,1303135,21055402
602,1303135,21081001
603,1303135,21100111
604,1303135,21150097
605,1303135,21178498
606,1303135,21227188
607,1303135,21254159
608,1303135,21287048
609,1303135,21314110
610,1303135,21348354
611,1303135,21383119
612,1303135,21419767
613,1303135,21437313
614,1303135,21474473
615,1303135,21501658
616,1303135,21526109
617,1303135,21593024
618,1303135,21620446
619,1303135,21652092
620,1303135,21694959
621,1303135,21736530
622,1303135,21770327
623,1303135,21814783
624,1303135,21845471
625,1303135,21884297
626,1303135,21922742
627,1303135,21965204
628,1303135,21998736
629,1303135,22019937
630,1303135,22050124
631,1303135,22080159
632,1303135,22112112
633,1303135,22157446
634,1303135,22181559
635,1303135,22213717
636,1303135,22236251
637,1303135,22265157
638,1303135,22294391
639,1303135,22325486
640,1303135,22363036
641,1303135,22399713
642,1303135,22433809
643,1303135,22462300
644,1303135,22516992
645,1303135,22547621
646,1303135,22598006
647,1303135,22626843
648,1303135,22656242
649,1303135,22693033
650,1303135,22734489
651,1303135,22765246
652,1303135,22796459
653,1303135,22849530
654,1303135,22883434
655,1303135,22916378
656,1303135,22945009
657,1303135,22986089
658,1303135,23022787
659,1303135,23046633
660,1303135,23076266
661,1303135,23103621
662,1303135,23141453
663,1303135,23168158
664,1303135,23212708
665,1303135,23252360
666,1303135,23286168
667,1303135,23314901
668,1303135,23334347
669,1303135,23361568
670,1303135,23400411
671,1303135,23436674
672,1303135,23466103
673,1303135,23502604
674,1303135,23536921
675,1303135,23558678
676,1303135,23607497
677,1303135,23648714
678,1303135,23685678
679,1303135,23734137
680,1303135,23776521
681,1303135,23815052
682,1303135,23845980
683,1303135,23872245
684,1303135,23907233
685,1303135,23934631
686,1303135,23957281
687,1303135,23983616
688,1303135,24020715
689,1303135,24055762
690,1303135,24083277
691,1303135,24120919
692,1303135,24155754
693,1303135,24197641
694,1303135,24247605
695,1303135,24287265
696,1303135,24315101
697,1303135,24344361
698,1303135,24384299
699,1303135,24414315
700,1303135,24445003
701,1303135,24493586
702,1303135,24533306
703,1303135,24574041
704,1303135,24614067
705,1303135,24652388
706,1303135,24699464
707,1303135,24736977
708,1303135,24768473
709,1303135,24797319
710,1303135,24814730
711,1303135,24836267
712,1303135,24875370
713,1303135,24907268
714,1303135,24938124
715,1303135,24972631
716,1303135,25013603
717,1303135,25041258
718,1303135,25085416
719,1303135,25117989
720,1303135,25145161
721,1303135,25178289
722,1303135,25220515
723,1303135,25254531
724,1303135,25282494
725,1303135,25325883
726,1303135,25353978
727,1303135,25396766
728,1303135,25425540
729,1303135,25473147
730,1303135,25508073
731,1303135,25536809
732,1303135,25564356
733,1303135,25590496
734,1303135,25612772
735,1303135,25631430
736,1303135,25677353
737,1303135,25708191
738,1303135,25731292
739,1303135,25781298
740,1303135,25826442
741,1303135,25869295
742,1303135,25891059
743,1303135,25919517
744,1303135,25957622
745,1303135,25979583
746,1303135,26009262
747,1303135,26048379
748,1303135,26078286
749,1303135,26107200
750,1303135,26136313
751,1303135,26181314
752,1303135,26218556
753,1303135,26248337
754,1303135,26272446
755,1303135,26319061
756,1303135,26368044
757,1303135,26403893
758,1303135,26437200
759,1303135,26478731
760,1303135,26517329
761,1303135,26560604
762,1303135,26607477
763,1303135,26654478
764,1303135,26684840
765,1303135,26713444
766,1303135,26741190
767,1303135,26778803
768,1303135,26815249
769,1303135,26847404
770,1303135,26883175
771,1303135,26911504
772,1303135,26937849
773,1303135,26972436
774,1303135,27008982
775,1303135,27035917
776,1303135,27075348
777,1303135,27105631
778,1303135,27133778
779,1303135,27180845
780,1303135,27216905
781,1303135,27248515
782,1303135,27286903
783,1303135,27320757
784,1303135,27345801
785,1303135,27379243
786,1303135,27406671
787,1303135,27442524
788,1303135,27468674
789,1303135,27506238
790,1303135,27536534
791,1303135,27569715
792,1303135,27600517
793,1303135,27615075
794,1303135,27637583
795,1303135,27662019
796,1303135,27695247
797,1303135,27745393
798,1303135,27768801
799,1303135,27820821
800,1303135,27842413
801,1303135,27884125
802,1303135,27921822
803,1303135,27949363
804,1303135,28000339
805,1303135,28035625
806,1303135,28071895
807,1303135,28115632
808,1303135,28147520
809,1303135,28185934
810,1303135,28211060
811,1303135,28235217
812,1303135,28260550
813,1303135,28316001
814,1303135,28358710
815,1303135,28397733
816,1303135,28440342
817,1303135,28468020
818,1303135,28505824
819,1303135,28540608
820,1303135,28592231
821,1303135,28647104
822,1303135,28679534
823,1303135,28714931
824,1303135,28745948
825,1303135,28779105
826,1303135,28807841
827,1303135,28830464
828,1303135,28866667
829,1303135,28902970
830,1303135,28929069
831,1303135,28966434
832,1303135,28998225
833,1303135,29030464
834,1303135,29057215
835,1303135,29082962
836,1303135,29122688
837,1303135,29150919
838,1303135,29172080
839,1303135,29215671
840,1303135,29248701
841,1303135,29281254
842,1303135,29307307
843,1303135,29337279
844,1303135,29364156
845,1303135,29411888
846,1303135,29442129
847,1303135,29479801
848,1303135,29524507
849,1303135,29558557
850,1303135,29587408
851,1303135,29621679
852,1303135,29649779
853,1303135,29678211
854,1303135,29725143
855,1303135,29750360
856,1303135,29788006
857,1303135,29816357
858,1303135,29841571
859,1303135,29876552
860,1303135,29912534
861,1303135,29943746
862,1303135,29984655
863,1303135,30005440
864,1303135,30040845
865,1303135,30087290
866,1303135,30134238
867,1303135,30173222
868,1303135,30210850
869,1303135,30232826
870,1303135,30264498
871,1303135,30295783
872,1303135,30341758
873,1303135,30376607
874,1303135,30413177
875,1303135,30455251
876,1303135,30489673
877,1303135,30530157
878,1303135,30563406
879,1303135,30591882
880,1303135,30620769
881,1303135,30648970
882,1303135,30688172
883,1303135,30721528
884,1303135,30757904
885,1303135,30788211
886,1303135,30827322
887,1303135,30854786
888,1303135,30895284
889,1303135,30932887
890,1303135,30957999
891,1303135,30983156
892,1303135,31016089
893,1303135,31055430
894,1303135,31080905
895,1303135,31113195
896,1303135,31134330
897,1303135,31177190
898,1303135,31212040
899,1303135,31241661
900,1303135,31276234
901,1303135,31326546
902,1303135,31377381
903,1303135,31411243
904,1303135,31432098
905,1303135,31463783
906,1303135,31497061
907,1303135,31537888
908,1303135,31579395
909,1303135,31607115
910,1303135,31647378
911,1303135,31691149
912,1303135,31720247
913,1303135,31774438
914,1303135,31801155
915,1303135,31844696
916,1303135,31874511
917,1303135,31911548
918,1303135,31934846
919,1303135,31972502
920,1303135,31997443
921,1303135,32035996
922,1303135,32074955
923,1303135,32099603
924,1303135,32124605
925,1303135,32155570
926,1303135,32177396
927,1303135,32224997
928,1303135,32265689
929,1303135,32279941
930,1303135,32313928
931,1303135,32339703
932,1303135,32373549
933,1303135,32404054
934,1303135,32441599
935,1303135,32479706
936,1303135,32510041
937,1303135,32547363
938,1303135,32575216
939,1303135,32613500
940,1303135,32648412
941,1303135,32673294
942,1303135,32715855
943,1303135,32751204
944,1303135,32798722
945,1303135,32838383
946,1303135,32864979
947,1303135,32890458
948,1303135,32932387
949,1303135,32956982
950,1303135,32985157
951,1303135,33044839
952,1303135,33089140
953,1303135,33124618
954,1303135,33155456
955,1303135,33186654
956,1303135,33210967
957,1303135,33254117
958,1303135,33285073
959,1303135,33329618
960,1303135,33372691
961,1303135,33422699
962,1303135,33459850
963,1303135,33495966
964,1303135,33528401
965,1303135,33563471
966,1303135,33584166
967,1303135,33610874
968,1303135,33639820
969,1303135,33687643
970,1303135,33713609
971,1303135,33757853
972,1303135,33789966
973,1303135,33817008
974,1303135,33856437
975,1303135,33896575
976,1303135,33938709
977,1303135,33956516
978,1303135,33994235
979,1303135,34028868
980,1303135,34045263
981,1303135,34071795
982,1303135,34099685
983,1303135,34130720
984,1303135,34170376
985,1303135,34218959
986,1303135,34253862
987,1303135,34286491
988,1303135,34314600
989,1303135,34353346
990,1303135,34400961
991,1303135,34442238
992,1303135,34472168
993,1303135,34505206
994,1303135,34543347
995,1303135,34577550
996,1303135,34609089
997,1303135,34645568
998,1303135,34682474
999,1303135,34718363
1000,1303135,34747369
1001,1303135,34776123
1002,1303135,34799027
1003,1303135,34838870
1004,1303135,34876906
1005,1303135,34905532
1006,1303135,34936378
1007,1303135,34971431
1008,1303135,35007612
1009,1303135,35048460
1010,1303135,35085513
1011,1303135,35128233
1012,1303135,35162000
1013,1303135,35210212
1014,1303135,35245201
1015,1303135,35274168
1016,1303135,35302205
1017,1303135,35334168
1018,1303135,35372074
1019,1303135,35402828
1020,1303135,35436485
1021,1303135,35465385
1022,1303135,35497186
1023,1303135,35527081
1024,1303135,35546729
1025,1303135,35586057
1026,1303135,35626762
1027,1303135,35653397
1028,1303135,35698258
1029,1303135,35730940
1030,1303135,35765933
1031,1303135,35801375
1032,1303135,35842462
1033,1303135,35876519
1034,1303135,35921512
1035,1303135,35956162
1036,1303135,35983998
1037,1303135,36018318
1038,1303135,36061819
1039,1303135,36101292
1040,1303135,36134623
1041,1303135,36163621
1042,1303135,36192162
1043,1303135,36215717
1044,1303135,36247614
1045,1303135,36277578
1046,1303135,36318109
1047,1303135,36355057
1048,1303135,36387116
1049,1303135,36419465
1050,1303135,36452093
1051,1303135,36483983
1052,1303135,36526747
1053,1303135,36552936
1054,1303135,36583262
1055,1303135,36613176
1056,1303135,36663637
1057,1303135,36699120
1058,1303135,36726176
1059,1303135,36761988
1060,1303135,36783697
1061,1303135,36820079
1062,1303135,36853970
1063,1303135,36876610
1064,1303135,36921881
1065,1303135,36946202
1066,1303135,36970595
1067,1303135,37002345
1068,1303135,37031197
1069,1303135,37082467
1070,1303135,37111986
1071,1303135,37155790
1072,1303135,37182991
1073,1303135,37217549
1074,1303135,37255519
1075,1303135,37293683
1076,1303135,37334919
1077,1303135,37378133
1078,1303135,37407142
1079,1303135,37440204
1080,1303135,37475399
1081,1303135,37524162
1082,1303135,37558823
1083,1303135,37596553
1084,1303135,37627341
1085,1303135,37666336
1086,1303135,37700912
1087,1303135,37728110
1088,1303135,37769597
1089,1303135,37795017
1090,1303135,37824711
1091,1303135,37863124
1092,1303135,37906395
1093,1303135,37944027
1094,1303135,37974847
1095,1303135,37999006
1096,1303135,38025113
1097,1303135,38047689
1098,1303135,38078168
1099,1303135,38103780
1100,1303135,38138700
1101,1303135,38167163
1102,1303135,38203391
1103,1303135,38251497
1104,1303135,38295604
1105,1303135,38329869
1106,1303135,38371883
1107,1303135,38402837
1108,1303135,38444980
1109,1303135,38474915
1110,1303135,38513061
1111,1303135,38547819
1112,1303135,38592191
1113,1303135,38619542
1114,1303135,38652283
1115,1303135,38690994
1116,1303135,38722432
1117,1303135,38752025
1118,1303135,38780322
1119,1303135,38817557
1120,1303135,38846224
1121,1303135,38881749
1122,1303135,38918021
1123,1303135,38960369
1124,1303135,38998256
1125,1303135,39032256
1126,1303135,39059730
1127,1303135,39089365
1128,1303135,39112371
1129,1303135,39153717
1130,1303135,39186792
1131,1303135,39222120
1132,1303135,39252929
1133,1303135,39301507
1134,1303135,39329861
1135,1303135,39363778
1136,1303135,39389377
1137,1303135,39432698
1138,1303135,39463679
1139,1303135,39483522
1140,1303135,39516137
1141,1303135,39543585
1142,1303135,39587709
1143,1303135,39617826
1144,1303135,39652221
1145,1303135,39690316
1146,1303135,39723087
1147,1303135,39753699
1148,1303135,39804514
1149,1303135,39836230
1150,1303135,39879250
1151,1303135,39917121
1152,1303135,39947129
1153,1303135,39976854
1154,1303135,40015382
1155,1303135,40053150
1156,1303135,40096790
1157,1303135,40127086
1158,1303135,40157512
1159,1303135,40199898
1160,1303135,40223532
1161,1303135,40255099
1162,1303135,40281731
1163,1303135,40322867
1164,1303135,40350052
1165,1303135,40381946
1166,1303135,40418967
1167,1303135,40460161
1168,1303135,40493520
1169,1303135,40542853
1170,1303135,40567661
1171,1303135,40602127
1172,1303135,40642645
1173,1303135,40670192
1174,1303135,40696339
1175,1303135,40740415
1176,1303135,40762239
1177,1303135,40792719
1178,1303135,40826932
1179,1303135,40867702
1180,1303135,40904715
1181,1303135,40943413
1182,1303135,40974049
1183,1303135,41013310
1184,1303135,41033921
1185,1303135,41057476
1186,1303135,41095016
1187,1303135,41123099
1188,1303135,41167582
1189,1303135,41207188
1190,1303135,41252670
1191,1303135,41287614
1192,1303135,41312267
1193,1303135,41345862
1194,1303135,41381308
1195,1303135,41408445
1196,1303135,41439586
1197,1303135,41477107
1198,1303135,41513020
1199,1303135,41552484
1200,1303135,41588027
1201,1303135,41614740
1202,1303135,41643514
1203,1303135,41679211
1204,1303135,41718719
1205,1303135,41746854
1206,1303135,41785945
1207,1303135,41831974
1208,1303135,41856977
1209,1303135,41895145
1210,1303135,41931864
1211,1303135,41970972
1212,1303135,41999234
1213,1303135,42039506
1214,1303135,42088853
1215,1303135,42114944
1216,1303135,42138112
1217,1303135,42172409
1218,1303135,42204548
1219,1303135,42234954
1220,1303135,42280499
1221,1303135,42305944
1222,1303135,42356108
1223,1303135,42398061
1224,1303135,42422563
1225,1303135,42456882
1226,1303135,42500643
1227,1303135,42532333
1228,1303135,42565902
1229,1303135,42600069
1230,1303135,42622204
1231,1303135,42658941
1232,1303135,42688078
1233,1303135,42717806
1234,1303135,42749423
1235,1303135,42787817
1236,1303135,42805264
1237,1303135,42838032
1238,1303135,42865339
1239,1303135,42895597
1240,1303135,42925443
1241,1303135,42966102
1242,1303135,43012703
1243,1303135,43063788
1244,1303135,43104310
1245,1303135,43131584
1246,1303135,43159519
1247,1303135,43198418
1248,1303135,43242465
1249,1303135,43289028
1250,1303135,43325309
1251,1303135,43359220
1252,1303135,43389159
1253,1303135,43423869
1254,1303135,43457730
1255,1303135,43490596
1256,1303135,43531517
1257,1303135,43569597
1258,1303135,43601548
1259,1303135,43640497
1260,1303135,43672338
1261,1303135,43714407
1262,1303135,43747199
1263,1303135,43770722
1264,1303135,43797286
1265,1303135,43818593
1266,1303135,43851913
1267,1303135,43885394
1268,1303135,43915084
1269,1303135,43973999
1270,1303135,44022131
1271,1303135,44071058
1272,1303135,44105107
1273,1303135,44136848
1274,1303135,44169751
1275,1303135,44207056
1276,1303135,44240541
1277,1303135,44260014
1278,1303135,44303330
1279,1303135,44326110
1280,1303135,44350383
1281,1303135,44374018
1282,1303135,44408720
1283,1303135,44439156
1284,1303135,44462209
1285,1303135,44487786
1286,1303135,44523616
1287,1303135,44554225
1288,1303135,44591514
1289,1303135,44634600
1290,1303135,44670532
1291,1303135,44712206
1292,1303135,44742812
1293,1303135,44767038
1294,1303135,44804267
1295,1303135,44842498
1296,1303135,44868046
1297,1303135,44903269
1298,1303135,44933714
1299,1303135,44957436
1300,1303135,44997056
1301,1303135,45039997
1302,1303135,45069120
1303,1303135,45094591
1304,1303135,45139788
1305,1303135,45184497
1306,1303135,45213782
1307,1303135,45247145
1308,1303135,45299446
1309,1303135,45343281
1310,1303135,45379164
1311,1303135,45430390
1312,1303135,45470373
1313,1303135,45509873
1314,1303135,45549380
1315,1303135,45578043
1316,1303135,45603000
1317,1303135,45640206
1318,1303135,45674089
1319,1303135,45700838
1320,1303135,45736966
1321,1303135,45767191
1322,1303135,45801671
1323,1303135,45827892
1324,1303135,45879993
1325,1303135,45908080
1326,1303135,45942187
1327,1303135,45975455
1328,1303135,46002633
1329,1303135,46026670
1330,1303135,46048745
1331,1303135,46081366
1332,1303135,46114745
1333,1303135,46147733
1334,1303135,46185034
1335,1303135,46231440
1336,1303135,46250154
1337,1303135,46285412
1338,1303135,46326394
1339,1303135,46368304
1340,1303135,46401663
1341,1303135,46424268
1342,1303135,46451712
1343,1303135,46485438
1344,1303135,46523583
1345,1303135,46556724
1346,1303135,46586371
1347,1303135,46633454
1348,1303135,46659440
1349,1303135,46684409
1350,1303135,46723060
1351,1303135,46748733
1352,1303135,46776929
1353,1303135,46807860
1354,1303135,46836527
1355,1303135,46884643
1356,1303135,46919427
1357,1303135,46977499
1358,1303135,47009405
1359,1303135,47059944
1360,1303135,47086850
1361,1303135,47123102
1362,1303135,47161836
1363,1303135,47192034
1364,1303135,47229623
1365,1303135,47267477
1366,1303135,47307604
1367,1303135,47361325
1368,1303135,47390696
1369,1303135,47428751
1370,1303135,47455695
1371,1303135,47483061
1372,1303135,47519878
1373,1303135,47544638
1374,1303135,47563550
1375,1303135,47585726
1376,1303135,47614554
1377,1303135,47660195
1378,1303135,47701468
1379,1303135,47744253
1380,1303135,47786512
1381,1303135,47826226
1382,1303135,47853417
1383,1303135,47886292
1384,1303135,47908976
1385,1303135,47944436
1386,1303135,47984785
1387,1303135,48017042
1388,1303135,48051180
1389,1303135,48087846
1390,1303135,48119300
1391,1303135,48140772
1392,1303135,48169248
1393,1303135,48188289
1394,1303135,48233174
1395,1303135,48270186
1396,1303135,48312551
1397,1303135,48344092
1398,1303135,48395880
1399,1303135,48424640
1400,1303135,48460543
1401,1303135,48483563
1402,1303135,48525708
1403,1303135,48564188
1404,1303135,48593988
1405,1303135,48634822
1406,1303135,48666026
1407,1303135,48701419
1408,1303135,48739413
1409,1303135,48769390
1410,1303135,48802573
1411,1303135,48842135
1412,1303135,48864208
1413,1303135,48897798
1414,1303135,48936610
1415,1303135,48965643
1416,1303135,49012546
1417,1303135,49048386
1418,1303135,49082262
1419,1303135,49119682
1420,1303135,49151903
1421,1303135,49191276
1422,1303135,49232811
1423,1303135,49257013
1424,1303135,49294149
1425,1303135,49323618
1426,1303135,49362995
1427,1303135,49395880
1428,1303135,49419300
1429,1303135,49445222
1430,1303135,49484859
1431,1303135,49521850
1432,1303135,49558821
1433,1303135,49591702
1434,1303135,49626032
1435,1303135,49656220
1436,1303135,49699246
1437,1303135,49737555
1438,1303135,49777368
1439,1303135,49820964
1440,1303135,49863431
1441,1303135,49890560
1442,1303135,49914048
1443,1303135,49949785
1444,1303135,49983034
1445,1303135,50009875
1446,1303135,50048902
1447,1303135,50082891
1448,1303135,50115707
1449,1303135,50150293
1450,1303135,50183264
1451,1303135,50216323
1452,1303135,50240383
1453,1303135,50275331
1454,1303135,50311765
1455,1303135,50344380
1456,1303135,50395691
1457,1303135,50424909
1458,1303135,50478879
1459,1303135,50507446
1460,1303135,50537586
1461,1303135,50575451
1462,1303135,50608231
1463,1303135,50632277
1464,1303135,50664534
1465,1303135,50678881
1466,1303135,50719758
1467,1303135,50740988
1468,1303135,50779419
1469,1303135,50800403
1470,1303135,50841413
1471,1303135,50874399
1472,1303135,50909521
1473,1303135,50950116
1474,1303135,50979940
1475,1303135,51006748
1476,1303135,51030818
1477,1303135,51061252
1478,1303135,51100800
1479,1303135,51135976
1480,1303135,51175004
1481,1303135,51220159
1482,1303135,51262666
1483,1303135,51310521
1484,1303135,51349069
1485,1303135,51390867
1486,1303135,51425485
1487,1303135,51454622
1488,1303135,51497801
1489,1303135,51532283
1490,1303135,51573264
1491,1303135,51605651
1492,1303135,51640371
1493,1303135,51678246
1494,1303135,51714610
1495,1303135,51745860
1496,1303135,51777230
1497,1303135,51813476
1498,1303135,51844635
1499,1303135,51864502
1500,1303135,51899395
1501,1303135,51941790
1502,1303135,51974251
1503,1303135,52000584
1504,1303135,52034731
1505,1303135,52064153
1506,1303135,52092424
1507,1303135,52126278
1508,1303135,52164743
1509,1303135,52203909
1510,1303135,52224825
1511,1303135,52278414
1512,1303135,52319235
1513,1303135,52352298
1514,1303135,52376419
1515,1303135,52408171
1516,1303135,52438573
1517,1303135,52460180
1518,1303135,52491051
1519,1303135,52517285
1520,1303135,52555693
1521,1303135,52597494
1522,1303135,52629370
1523,1303135,52651584
1524,1303135,52683982
1525,1303135,52733795
1526,1303135,52766425
1527,1303135,52790987
1528,1303135,52823052
1529,1303135,52842742
1530,1303135,52881070
1531,1303135,52919711
1532,1303135,52959259
1533,1303135,52983727
1534,1303135,53022359
1535,1303135,53071415
1536,1303135,53099717
1537,1303135,53142830
1538,1303135,53165997
1539,1303135,53196096
1540,1303135,53229910
1541,1303135,53281636
1542,1303135,53320998
1543,1303135,53363128
1544,1303135,53402457
1545,1303135,53427720
1546,1303135,53459609
1547,1303135,53502898
1548,1303135,53532712
1549,1303135,53574288
1550,1303135,53609389
1551,1303135,53656183
1552,1303135,53687025
1553,1303135,53715904
1554,1303135,53751468
1555,1303135,53775678
1556,1303135,53806336
1557,1303135,53848636
1558,1303135,53880511
1559,1303135,53922611
1560,1303135,53963595
1561,1303135,54000700
1562,1303135,54026441
1563,1303135,54061374
1564,1303135,54089138
1565,1303135,54120535
1566,1303135,54145931
1567,1303135,54182437
1568,1303135,54206829
1569,1303135,54244978
1570,1303135,54276435
1571,1303135,54307477
1572,1303135,54344023
1573,1303135,54373322
1574,1303135,54413494
1575,1303135,54455579
1576,1303135,54495037
1577,1303135,54528652
1578,1303135,54563016
1579,1303135,54588051
1580,1303135,54607718
1581,1303135,54646099
1582,1303135,54695459
1583,1303135,54719659
1584,1303135,54761525
1585,1303135,54801646
1586,1303135,54833091
1587,1303135,54864533
1588,1303135,54882913
1589,1303135,54918712
1590,1303135,54955076
1591,1303135,54996899
1592,1303135,55063014
1593,1303135,55093246
1594,1303135,55131013
1595,1303135,55154971
1596,1303135,55186870
1597,1303135,55217942
1598,1303135,55259289
1599,1303135,55290954
1600,1303135,55324423
1601,1303135,55350268
1602,1303135,55386176
1603,1303135,55422603
1604,1303135,55453604
1605,1303135,55493830
1606,1303135,55530282
1607,1303135,55561543
1608,1303135,55603422
1609,1303135,55646446
1610,1303135,55679791
1611,1303135,55700286
1612,1303135,55726356
1613,1303135,55758511
1614,1303135,55796747
1615,1303135,55840331
1616,1303135,55878272
1617,1303135,55915319
1618,1303135,55956827
1619,1303135,55985109
1620,1303392,56014999
1621,1303392,56043871
1622,1303392,56086950
1623,1303392,56129019
1624,1303392,56158919
1625,1303392,56190244
1626,1303392,56222207
1627,1303392,56245909
1628,1303392,56279658
1629,1303392,56302161
1630,1303392,56339279
1631,1303392,56373298
1632,1303392,56397057
1633,1303392,56437224
1634,1303392,56467974
1635,1303392,56511412
1636,1303392,56553706
1637,1303392,56589339
1638,1303392,56638192
1639,1303392,56663940
1640,1303392,56700732
1641,1303392,56734121
1642,1303392,56771215
1643,1303392,56810674
1644,1303392,56841942
1645,1303392,56871741
1646,1303392,56908485
1647,1303392,56939320
1648,1303392,56965431
1649,1303392,56994721
1650,1303392,57039765
1651,1303392,57064779
1652,1303392,57090534
1653,1303392,57116649
1654,1303392,57161674
1655,1303392,57204152
1656,1303392,57229793
1657,1303392,57259545
1658,1303392,57303270
1659,1303392,57341963
1660,1303392,57371084
1661,1303392,57414968
1662,1303392,57445047
1663,1303392,57479489
1664,1303392,57519816
1665,1303392,57541704
1666,1303392,57578497
1667,1303392,57611188
1668,1303392,57643925
1669,1303392,57686788
1670,1303392,57729061
1671,1303392,57769879
1672,1303392,57794750
1673,1303392,57828299
1674,1303392,57858742
1675,1303392,57886525
1676,1303392,57913217
1677,1303392,57942985
1678,1303392,57982166
1679,1303392,58009726
1680,1303392,58051180
1681,1303392,58092063
1682,1303392,58117668
1683,1303392,58144596
1684,1303392,58181572
1685,1303392,58220579
1686,1303392,58247673
1687,1303392,58286649
1688,1303392,58319030
1689,1303392,58340207
1690,1303392,58376214
1691,1303392,58409895
1692,1303392,58436703
1693,1303392,58474622
1694,1303392,58507143
1695,1303392,58541896
1696,1303392,58578720
1697,1303392,58606563
1698,1303392,58632390
1699,1303392,58660106
1700,1303392,58682656
1701,1303392,58717978
1702,1303392,58775388
1703,1303392,58798980
1704,1303392,58840106
1705,1303392,58878582
1706,1303392,58928678
1707,1303392,58972204
1708,1303392,59001232
1709,1303392,59034056
1710,1303392,59078582
1711,1303392,59116116
1712,1303392,59147137
1713,1303392,59188986
1714,1303392,59232308
1715,1303392,59257345
1716,1303392,59295864
1717,1303392,59330343
1718,1303392,59359552
1719,1303392,59388835
1720,1303392,59429776
1721,1303392,59467878
1722,1303392,59500921
1723,1303392,59545802
1724,1303392,59571591
1725,1303392,59607734
1726,1303392,59629079
1727,1303392,59657512
1728,1303392,59695352
1729,1303392,59733189
1730,1303392,59773439
1731,1303392,59811948
1732,1303392,59841106
1733,1303392,59868189
1734,1303392,59908114
1735,1303392,59952095
1736,1303392,59970359
1737,1303392,60007485
1738,1303392,60037085
1739,1303392,60068464
1740,1303392,60101808
1741,1303392,60130605
1742,1303392,60157241
1743,1303392,60188561
1744,1303392,60232122
1745,1303392,60268798
1746,1303392,60296369
1747,1303392,60318642
1748,1303392,60352447
1749,1303392,60383632
1750,1303392,60415104
1751,1303392,60446740
1752,1303392,60476764
1753,1303392,60516139
1754,1303392,60550793
1755,1303392,60571878
1756,1303392,60609145
1757,1303392,60642451
1758,1303392,60684864
1759,1303392,60720462
1760,1303392,60747625
1761,1303392,60786234
1762,1303392,60843264
1763,1303392,60883142
1764,1303392,60915614
1765,1303392,60956852
1766,1303392,61000437
1767,1303392,61029554
1768,1303392,61054815
1769,1303392,61090071
1770,1303392,61131002
1771,1303392,61168023
1772,1303392,61212878
1773,1303392,61237274
1774,1303392,61281800
1775,1303392,61313296
1776,1303392,61346967
1777,1303392,61381628
1778,1303392,61413676
1779,1303392,61443968
1780,1303392,61487466
1781,1303392,61524452
1782,1303392,61568400
1783,1303392,61611291
1784,1303392,61634192
1785,1303392,61668263
1786,1303392,61697440
1787,1303392,61727007
1788,1303392,61761458
1789,1303392,61804620
1790,1303392,61852793
1791,1303392,61880888
1792,1303392,61913225
1793,1303392,61939810
1794,1303392,61971308
1795,1303392,61997371
1796,1303392,62024886
1797,1303392,62055124
1798,1303392,62086254
1799,1303392,62108801
1800,1303392,62154236
