0 4 0.4114570263363268 BR
0 5 0.21053251468125148 BR
0 6 0.20181422016280023 BR
0 13 0.060018452034525153 BR
0 16 0.0593977251686706 BR
0 17 0.05678006161642582 BR
1 0 0.2042565225124898 BR
1 1 0.03113516549117887 BR
1 2 0.030199950979687227 BR
1 3 0.00029416245624459234 BR
1 4 0.00025846699030740303 BR
1 5 0.0012908707218740885 BR
1 6 0.0013661411655759245 BR
1 7 0.07050339664149316 BR
1 8 0.3475553776658635 BR
1 9 0.0020931893070689185 BR
1 10 0.23235124806639612 BR
1 11 0.0007538973198863271 BR
1 12 0.03455409854276004 BR
1 13 0.002293229590389489 BR
1 14 0.007859947806047863 BR
1 16 0.002337232552628569 BR
1 17 0.0022217787307024393 BR
1 18 0.00015022934643446227 BR
1 19 0.028525094112971404 BR
2 0 0.32291190530616143 BR
2 1 0.004380006267607853 BR
2 2 0.007390397064468058 BR
2 3 0.000748040743661837 BR
2 4 0.0006572689190520752 BR
2 5 0.002210653515151215 BR
2 6 0.002353792725241396 BR
2 7 0.08614447787162131 BR
2 8 0.2122926737777665 BR
2 9 0.03228218898547753 BR
2 10 0.2138120516045484 BR
2 11 0.000973003433186723 BR
2 12 0.051720354942035716 BR
2 13 0.0032457946313300306 BR
2 14 0.01123875785310783 BR
2 16 0.003300801446001069 BR
2 17 0.0031273749376695484 BR
2 18 0.00038202588277691795 BR
2 19 0.04082843009313481 BR
3 0 0.3354242435952254 BR
3 1 0.004549724754997063 BR
3 2 0.007676763552174526 BR
3 3 0.000777026168741862 BR
3 4 0.0006827370759299381 BR
3 5 0.002296312929273016 BR
3 6 0.0024449985629841522 BR
3 7 0.08948244352464532 BR
3 8 0.2205186874581194 BR
3 9 0.005529131380283319 BR
3 10 0.21135242381535477 BR
3 11 0.0010107058155157667 BR
3 12 0.0537244389254108 BR
3 13 0.0033715641671590766 BR
3 14 0.01167424238587422 BR
3 16 0.0034287024110591343 BR
3 17 0.0032485558930132686 BR
3 18 0.00039682879651882844 BR
3 19 0.04241046878772038 BR
4 0 0.3354242435952254 BR
4 1 0.004549724754997063 BR
4 2 0.007676763552174526 BR
4 3 0.000777026168741862 BR
4 4 0.0006827370759299381 BR
4 5 0.002296312929273016 BR
4 6 0.0024449985629841522 BR
4 7 0.08948244352464532 BR
4 8 0.2205186874581194 BR
4 9 0.005529131380283319 BR
4 10 0.21135242381535477 BR
4 11 0.0010107058155157667 BR
4 12 0.0537244389254108 BR
4 13 0.0033715641671590766 BR
4 14 0.01167424238587422 BR
4 16 0.0034287024110591343 BR
4 17 0.0032485558930132686 BR
4 18 0.00039682879651882844 BR
4 19 0.04241046878772038 BR
5 0 0.05410501631667813 BR
5 1 0.00033617826855166286 BR
5 2 0.0009460677234442794 BR
5 3 0.1860126660647747 BR
5 4 0.15827439189714268 BR
5 5 0.09758136118726235 BR
5 6 0.0890648230606133 BR
5 7 0.01156395553973811 BR
5 8 0.01629408250499842 BR
5 9 0.10686458607509937 BR
5 10 0.016438695136113752 BR
5 11 7.468085419936709e-05 BR
5 12 0.008327949510307246 BR
5 13 0.041240416900948866 BR
5 14 0.001810056993553108 BR
5 15 0.08652499445452139 BR
5 16 0.043449447850951076 BR
5 17 0.042403892584142344 BR
5 18 0.03207242166683548 BR
5 19 0.006614315410124194 BR
6 0 0.21564522354663532 BR
6 1 0.4039537548304173 BR
6 2 0.25871624321527453 BR
6 4 0.0007153772902591918 BR
6 5 0.0016177137442620981 BR
6 6 0.0017390208612811386 BR
6 7 0.03700377012651464 BR
6 8 0.0009187954687696397 BR
6 9 1.6364226995897998e-05 BR
6 10 0.0019709072078424243 BR
6 11 0.003984269066497157 BR
6 12 0.032208990436201936 BR
6 13 0.00664420033921642 BR
6 14 0.020646934122244325 BR
6 16 0.006742660179142233 BR
6 17 0.0064707312943868165 BR
6 19 0.0010050440440587465 BR
7 0 0.21358619610629534 BR
7 1 0.39755252661931895 BR
7 2 0.25553139627322247 BR
7 4 0.0020189637982815476 BR
7 5 0.002411135118123274 BR
7 6 0.0026547011457944605 BR
7 7 0.037716694656602295 BR
7 8 0.002593057977558845 BR
7 9 4.618371639894973e-05 BR
7 10 0.0035529850833521037 BR
7 11 0.004891383161195009 BR
7 12 0.03201340731108417 BR
7 13 0.007027925543944984 BR
7 14 0.021691782132713947 BR
7 16 0.007077648560016302 BR
7 17 0.00679754095352898 BR
7 19 0.0028364718425684214 BR
8 0 0.21358619610629534 BR
8 1 0.39755252661931895 BR
8 2 0.25553139627322247 BR
8 4 0.0020189637982815476 BR
8 5 0.002411135118123274 BR
8 6 0.0026547011457944605 BR
8 7 0.037716694656602295 BR
8 8 0.002593057977558845 BR
8 9 4.618371639894973e-05 BR
8 10 0.0035529850833521037 BR
8 11 0.004891383161195009 BR
8 12 0.03201340731108417 BR
8 13 0.007027925543944984 BR
8 14 0.021691782132713947 BR
8 16 0.007077648560016302 BR
8 17 0.00679754095352898 BR
8 19 0.0028364718425684214 BR
9 0 0.21358619610629534 BR
9 1 0.39755252661931895 BR
9 2 0.25553139627322247 BR
9 4 0.0020189637982815476 BR
9 5 0.002411135118123274 BR
9 6 0.0026547011457944605 BR
9 7 0.037716694656602295 BR
9 8 0.002593057977558845 BR
9 9 4.618371639894973e-05 BR
9 10 0.0035529850833521037 BR
9 11 0.004891383161195009 BR
9 12 0.03201340731108417 BR
9 13 0.007027925543944984 BR
9 14 0.021691782132713947 BR
9 16 0.007077648560016302 BR
9 17 0.00679754095352898 BR
9 19 0.0028364718425684214 BR
10 0 0.21358619610629534 BR
10 1 0.39755252661931895 BR
10 2 0.25553139627322247 BR
10 4 0.0020189637982815476 BR
10 5 0.002411135118123274 BR
10 6 0.0026547011457944605 BR
10 7 0.037716694656602295 BR
10 8 0.002593057977558845 BR
10 9 4.618371639894973e-05 BR
10 10 0.0035529850833521037 BR
10 11 0.004891383161195009 BR
10 12 0.03201340731108417 BR
10 13 0.007027925543944984 BR
10 14 0.021691782132713947 BR
10 16 0.007077648560016302 BR
10 17 0.00679754095352898 BR
10 19 0.0028364718425684214 BR
11 0 0.11971654638610721 BR
11 1 0.30988709637733297 BR
11 2 0.2956169185495639 BR
11 4 0.022901820297109677 BR
11 5 0.014800064783992192 BR
11 6 0.01698728723097423 BR
11 7 0.04646832429652081 BR
11 8 0.00025341807303205034 BR
11 9 4.51350818862088e-06 BR
11 10 0.0007393801724091284 BR
11 11 0.02094313891006634 BR
11 12 0.020692348399860106 BR
11 13 0.01279430383580611 BR
11 14 0.03693892494561193 BR
11 16 0.012046635385193674 BR
11 17 0.011659027522446175 BR
11 19 0.05755025132578478 BR
12 0 0.1710244275232259 BR
12 1 0.3158455130311539 BR
12 2 0.1792559442830813 BR
12 4 0.03504523138927321 BR
12 5 0.02258122655402711 BR
12 6 0.025925207458296008 BR
12 7 0.05085746576119865 BR
12 8 0.00038778991767535523 BR
12 9 6.906740896380225e-06 BR
12 10 0.0011314274974897438 BR
12 11 0.028007928736819992 BR
12 12 0.02773196213142401 BR
12 13 0.01773081134264896 BR
12 14 0.051054005826778374 BR
12 16 0.016563282792000825 BR
12 17 0.016036580970619288 BR
12 19 0.04081428804339097 BR
13 0 0.12391201991133316 BR
13 1 0.26753803602591136 BR
13 2 0.20665357309783572 BR
13 4 0.046400473325715244 BR
13 5 0.029338611955685413 BR
13 6 0.03374091338731635 BR
13 7 0.05001975418785761 BR
13 8 0.0005134403460261986 BR
13 9 9.14464062657637e-06 BR
13 10 0.011226494055565939 BR
13 11 0.0368179647696172 BR
13 12 0.021446404389468526 BR
13 13 0.020891652095316925 BR
13 14 0.059451745125915764 BR
13 16 0.019290759329485645 BR
13 17 0.018710212395656303 BR
13 19 0.05403880096066605 BR
14 0 0.12512933629229028 BR
14 1 0.270166339833859 BR
14 2 0.20868374563392486 BR
14 4 0.046856313334650415 BR
14 5 0.029626835591727796 BR
14 6 0.03407238539950876 BR
14 7 0.05051115014918484 BR
14 8 0.000518484403449435 BR
14 9 9.234477922753635e-06 BR
14 10 0.001512745650012907 BR
14 11 0.037179665851236464 BR
14 12 0.02165709467919677 BR
14 13 0.021096892477477466 BR
14 14 0.06003580132377334 BR
14 16 0.019480272480426837 BR
14 17 0.018894022231511754 BR
14 19 0.054569680189846335 BR
15 0 0.171721589039783 BR
15 1 0.30039205763456606 BR
15 2 0.15033775764551083 BR
15 4 0.03185161548066404 BR
15 5 0.02255915814237265 BR
15 6 0.025687725376677375 BR
15 7 0.08232880982149399 BR
15 8 0.00018093679705844068 BR
15 9 3.2225788215303083e-06 BR
15 10 0.006356048998796413 BR
15 11 0.0454555948017558 BR
15 12 0.03100727014868261 BR
15 13 0.016944091855291697 BR
15 14 0.04735520226670692 BR
15 16 0.015874102060257408 BR
15 17 0.015435570710281413 BR
15 19 0.036509246641279636 BR
16 0 0.14179823156072335 BR
16 1 0.29687995756745933 BR
16 2 0.21379074558851194 BR
16 4 0.049689899888779525 BR
16 5 0.02925916385186094 BR
16 6 0.0338789852517134 BR
16 7 0.035460870221115305 BR
16 8 0.00020317276503349518 BR
16 9 3.618613020419616e-06 BR
16 10 0.0005927829544355587 BR
16 11 0.016359373046171372 BR
16 12 0.022308936683085475 BR
16 13 0.02196263661540529 BR
16 14 0.0642933063287462 BR
16 16 0.020270935457839725 BR
16 17 0.019577869789954263 BR
16 19 0.033669513816144095 BR
17 0 0.7110161496698341 BR
17 2 0.00918660064464923 BR
17 3 0.0021872153901944095 BR
17 5 0.003878762363175395 BR
17 6 0.0040534199433646025 BR
17 7 0.12008744086936099 BR
17 9 0.00017929282096453662 BR
17 10 8.543805824779248e-05 BR
17 12 0.10568172528867412 BR
17 13 0.006528635418324697 BR
17 14 0.022975391214607427 BR
17 16 0.0066940394926287144 BR
17 17 0.006328873613444352 BR
17 18 0.0011170152125296714 BR
18 0 0.7115966694103982 BR
18 2 0.009194101181768378 BR
18 3 0.0017422155382707755 BR
18 5 0.003881929236560524 BR
18 6 0.004056729418536189 BR
18 7 0.12018548805162377 BR
18 9 0.00014281480460735574 BR
18 10 6.80552602666887e-05 BR
18 12 0.1057680107095824 BR
18 13 0.006501589747423528 BR
18 14 0.022994149815454203 BR
18 16 0.006673142538152337 BR
18 17 0.006305351376655309 BR
18 18 0.0008897529107003265 BR
19 0 0.7124581079039026 BR
19 2 0.009205231296637653 BR
19 3 0.0010818762332227057 BR
19 5 0.003886628588619333 BR
19 6 0.004061640378675658 BR
19 7 0.12033098115216634 BR
19 9 8.868474621136636e-05 BR
19 10 4.226076912469419e-05 BR
19 12 0.10589605042607257 BR
19 13 0.006461456431760017 BR
19 14 0.023021985872911984 BR
19 16 0.0066421333584033805 BR
19 17 0.006270446516738409 BR
19 18 0.0005525163255534 BR
20 0 0.7110161496698341 BR
20 2 0.00918660064464923 BR
20 3 0.0021872153901944095 BR
20 5 0.003878762363175395 BR
20 6 0.0040534199433646025 BR
20 7 0.12008744086936099 BR
20 9 0.00017929282096453662 BR
20 10 8.543805824779248e-05 BR
20 12 0.10568172528867412 BR
20 13 0.006528635418324697 BR
20 14 0.022975391214607427 BR
20 16 0.0066940394926287144 BR
20 17 0.006328873613444352 BR
20 18 0.0011170152125296714 BR
21 0 0.7121281009820617 BR
21 2 0.009200967480967201 BR
21 3 0.0013348444289469207 BR
21 5 0.0038848283222982266 BR
21 6 0.004059759047795806 BR
21 7 0.12027524446217527 BR
21 9 0.00010942133284523788 BR
21 10 5.214233430479443e-05 BR
21 12 0.10584699992156099 BR
21 13 0.0064768310314154065 BR
21 14 0.023011322207766916 BR
21 16 0.006654012609255193 BR
21 17 0.006283818156693333 BR
21 18 0.0006817076819131481 BR
22 0 0.03220037519466125 BR
22 1 0.04514730285839897 BR
22 2 0.034370676605739996 BR
22 3 0.0090150338783734 BR
22 4 0.007921094703278547 BR
22 5 0.06134915695292349 BR
22 6 0.06456976240751934 BR
22 7 0.04263613600031062 BR
22 8 0.01017346513534228 BR
22 9 0.0009201849788249166 BR
22 10 0.01019290716289291 BR
22 11 0.590659224943562 BR
22 12 0.005477092328249141 BR
22 13 0.019775730676387736 BR
22 14 0.010489248505786435 BR
22 16 0.018925019251641403 BR
22 17 0.020445130749589 BR
22 18 0.004603995577554158 BR
22 19 0.011128462088964248 BR
23 0 0.03220037519466125 BR
23 1 0.04514730285839897 BR
23 2 0.034370676605739996 BR
23 3 0.0090150338783734 BR
23 4 0.007921094703278547 BR
23 5 0.06134915695292349 BR
23 6 0.06456976240751934 BR
23 7 0.04263613600031062 BR
23 8 0.01017346513534228 BR
23 9 0.0009201849788249166 BR
23 10 0.01019290716289291 BR
23 11 0.590659224943562 BR
23 12 0.005477092328249141 BR
23 13 0.019775730676387736 BR
23 14 0.010489248505786435 BR
23 16 0.018925019251641403 BR
23 17 0.020445130749589 BR
23 18 0.004603995577554158 BR
23 19 0.011128462088964248 BR
24 0 0.013199403834183481 BR
24 1 0.01850653847508572 BR
24 2 0.014089042063351575 BR
24 3 0.0036953939828385796 BR
24 4 0.0032469723462948993 BR
24 5 0.06787772507116352 BR
24 6 0.07107043922059826 BR
24 7 0.04082383342095699 BR
24 8 0.004170251865159409 BR
24 9 0.0003771972551324002 BR
24 10 0.004178221436055547 BR
24 11 0.6858059902910871 BR
24 12 0.0022451400966798326 BR
24 13 0.019846173577626153 BR
24 14 0.004299696078321964 BR
24 16 0.019148951924535494 BR
24 17 0.020970065010379558 BR
24 18 0.0018872449936237906 BR
24 19 0.004561719056925587 BR
25 0 0.03220037519466125 BR
25 1 0.04514730285839897 BR
25 2 0.034370676605739996 BR
25 3 0.0090150338783734 BR
25 4 0.007921094703278547 BR
25 5 0.06134915695292349 BR
25 6 0.06456976240751934 BR
25 7 0.04263613600031062 BR
25 8 0.01017346513534228 BR
25 9 0.0009201849788249166 BR
25 10 0.01019290716289291 BR
25 11 0.590659224943562 BR
25 12 0.005477092328249141 BR
25 13 0.019775730676387736 BR
25 14 0.010489248505786435 BR
25 16 0.018925019251641403 BR
25 17 0.020445130749589 BR
25 18 0.004603995577554158 BR
25 19 0.011128462088964248 BR
26 0 0.03220037519466125 BR
26 1 0.04514730285839897 BR
26 2 0.034370676605739996 BR
26 3 0.0090150338783734 BR
26 4 0.007921094703278547 BR
26 5 0.06134915695292349 BR
26 6 0.06456976240751934 BR
26 7 0.04263613600031062 BR
26 8 0.01017346513534228 BR
26 9 0.0009201849788249166 BR
26 10 0.01019290716289291 BR
26 11 0.590659224943562 BR
26 12 0.005477092328249141 BR
26 13 0.019775730676387736 BR
26 14 0.010489248505786435 BR
26 16 0.018925019251641403 BR
26 17 0.020445130749589 BR
26 18 0.004603995577554158 BR
26 19 0.011128462088964248 BR
27 0 0.03220037519466125 BR
27 1 0.04514730285839897 BR
27 2 0.034370676605739996 BR
27 3 0.0090150338783734 BR
27 4 0.007921094703278547 BR
27 5 0.06134915695292349 BR
27 6 0.06456976240751934 BR
27 7 0.04263613600031062 BR
27 8 0.01017346513534228 BR
27 9 0.0009201849788249166 BR
27 10 0.01019290716289291 BR
27 11 0.590659224943562 BR
27 12 0.005477092328249141 BR
27 13 0.019775730676387736 BR
27 14 0.010489248505786435 BR
27 16 0.018925019251641403 BR
27 17 0.020445130749589 BR
27 18 0.004603995577554158 BR
27 19 0.011128462088964248 BR
28 0 0.03220037519466125 BR
28 1 0.04514730285839897 BR
28 2 0.034370676605739996 BR
28 3 0.0090150338783734 BR
28 4 0.007921094703278547 BR
28 5 0.06134915695292349 BR
28 6 0.06456976240751934 BR
28 7 0.04263613600031062 BR
28 8 0.01017346513534228 BR
28 9 0.0009201849788249166 BR
28 10 0.01019290716289291 BR
28 11 0.590659224943562 BR
28 12 0.005477092328249141 BR
28 13 0.019775730676387736 BR
28 14 0.010489248505786435 BR
28 16 0.018925019251641403 BR
28 17 0.020445130749589 BR
28 18 0.004603995577554158 BR
28 19 0.011128462088964248 BR
29 0 0.03220037519466125 BR
29 1 0.04514730285839897 BR
29 2 0.034370676605739996 BR
29 3 0.0090150338783734 BR
29 4 0.007921094703278547 BR
29 5 0.06134915695292349 BR
29 6 0.06456976240751934 BR
29 7 0.04263613600031062 BR
29 8 0.01017346513534228 BR
29 9 0.0009201849788249166 BR
29 10 0.01019290716289291 BR
29 11 0.590659224943562 BR
29 12 0.005477092328249141 BR
29 13 0.019775730676387736 BR
29 14 0.010489248505786435 BR
29 16 0.018925019251641403 BR
29 17 0.020445130749589 BR
29 18 0.004603995577554158 BR
29 19 0.011128462088964248 BR
30 0 0.03220037519466125 BR
30 1 0.04514730285839897 BR
30 2 0.034370676605739996 BR
30 3 0.0090150338783734 BR
30 4 0.007921094703278547 BR
30 5 0.06134915695292349 BR
30 6 0.06456976240751934 BR
30 7 0.04263613600031062 BR
30 8 0.01017346513534228 BR
30 9 0.0009201849788249166 BR
30 10 0.01019290716289291 BR
30 11 0.590659224943562 BR
30 12 0.005477092328249141 BR
30 13 0.019775730676387736 BR
30 14 0.010489248505786435 BR
30 16 0.018925019251641403 BR
30 17 0.020445130749589 BR
30 18 0.004603995577554158 BR
30 19 0.011128462088964248 BR
31 0 0.03220037519466125 BR
31 1 0.04514730285839897 BR
31 2 0.034370676605739996 BR
31 3 0.0090150338783734 BR
31 4 0.007921094703278547 BR
31 5 0.06134915695292349 BR
31 6 0.06456976240751934 BR
31 7 0.04263613600031062 BR
31 8 0.01017346513534228 BR
31 9 0.0009201849788249166 BR
31 10 0.01019290716289291 BR
31 11 0.590659224943562 BR
31 12 0.005477092328249141 BR
31 13 0.019775730676387736 BR
31 14 0.010489248505786435 BR
31 16 0.018925019251641403 BR
31 17 0.020445130749589 BR
31 18 0.004603995577554158 BR
31 19 0.011128462088964248 BR
32 0 0.03220037519466125 BR
32 1 0.04514730285839897 BR
32 2 0.034370676605739996 BR
32 3 0.0090150338783734 BR
32 4 0.007921094703278547 BR
32 5 0.06134915695292349 BR
32 6 0.06456976240751934 BR
32 7 0.04263613600031062 BR
32 8 0.01017346513534228 BR
32 9 0.0009201849788249166 BR
32 10 0.01019290716289291 BR
32 11 0.590659224943562 BR
32 12 0.005477092328249141 BR
32 13 0.019775730676387736 BR
32 14 0.010489248505786435 BR
32 16 0.018925019251641403 BR
32 17 0.020445130749589 BR
32 18 0.004603995577554158 BR
32 19 0.011128462088964248 BR
33 0 0.03220037519466125 BR
33 1 0.04514730285839897 BR
33 2 0.034370676605739996 BR
33 3 0.0090150338783734 BR
33 4 0.007921094703278547 BR
33 5 0.06134915695292349 BR
33 6 0.06456976240751934 BR
33 7 0.04263613600031062 BR
33 8 0.01017346513534228 BR
33 9 0.0009201849788249166 BR
33 10 0.01019290716289291 BR
33 11 0.590659224943562 BR
33 12 0.005477092328249141 BR
33 13 0.019775730676387736 BR
33 14 0.010489248505786435 BR
33 16 0.018925019251641403 BR
33 17 0.020445130749589 BR
33 18 0.004603995577554158 BR
33 19 0.011128462088964248 BR
34 0 0.03220037519466125 BR
34 1 0.04514730285839897 BR
34 2 0.034370676605739996 BR
34 3 0.0090150338783734 BR
34 4 0.007921094703278547 BR
34 5 0.06134915695292349 BR
34 6 0.06456976240751934 BR
34 7 0.04263613600031062 BR
34 8 0.01017346513534228 BR
34 9 0.0009201849788249166 BR
34 10 0.01019290716289291 BR
34 11 0.590659224943562 BR
34 12 0.005477092328249141 BR
34 13 0.019775730676387736 BR
34 14 0.010489248505786435 BR
34 16 0.018925019251641403 BR
34 17 0.020445130749589 BR
34 18 0.004603995577554158 BR
34 19 0.011128462088964248 BR
35 0 0.31066226133692354 BR
35 2 1.9118342325097284e-05 BR
35 3 0.13732079331300026 BR
35 4 0.21110291399009168 BR
35 5 0.10808894373311453 BR
35 6 0.10352300980899465 BR
35 7 0.00030689310172120983 BR
35 8 0.0003257417696881259 BR
35 9 0.003382937696358461 BR
35 10 0.0019176900819071502 BR
35 11 0.00017385322679433382 BR
35 12 0.003643494863760402 BR
35 13 0.03379445607188264 BR
35 14 4.781435606975464e-05 BR
35 16 0.03283125036127663 BR
35 17 0.03182005223209542 BR
35 18 0.02097730101769581 BR
35 19 6.147469630027979e-05 BR
36 0 0.018937595767043104 BR
36 2 0.000244680981666043 BR
36 3 0.5256928330526979 BR
36 5 0.00031759214614459047 BR
36 6 0.0003316345609204947 BR
36 7 0.003927689133231394 BR
36 8 0.004168918759880986 BR
36 9 0.04329562168020435 BR
36 10 0.024543042686096913 BR
36 11 0.0022250139407748236 BR
36 12 0.0028870721402310642 BR
36 13 0.03832257784846867 BR
36 14 0.0006119392247474968 BR
36 16 0.031250270528268155 BR
36 17 0.03398438371799463 BR
36 18 0.26847236640260214 BR
36 19 0.0007867674290269716 BR
37 0 0.018937595767043104 BR
37 2 0.000244680981666043 BR
37 3 0.5256928330526979 BR
37 5 0.00031759214614459047 BR
37 6 0.0003316345609204947 BR
37 7 0.003927689133231394 BR
37 8 0.004168918759880986 BR
37 9 0.04329562168020435 BR
37 10 0.024543042686096913 BR
37 11 0.0022250139407748236 BR
37 12 0.0028870721402310642 BR
37 13 0.03832257784846867 BR
37 14 0.0006119392247474968 BR
37 16 0.031250270528268155 BR
37 17 0.03398438371799463 BR
37 18 0.26847236640260214 BR
37 19 0.0007867674290269716 BR
38 0 0.018937595767043104 BR
38 2 0.000244680981666043 BR
38 3 0.5256928330526979 BR
38 5 0.00031759214614459047 BR
38 6 0.0003316345609204947 BR
38 7 0.003927689133231394 BR
38 8 0.004168918759880986 BR
38 9 0.04329562168020435 BR
38 10 0.024543042686096913 BR
38 11 0.0022250139407748236 BR
38 12 0.0028870721402310642 BR
38 13 0.03832257784846867 BR
38 14 0.0006119392247474968 BR
38 16 0.031250270528268155 BR
38 17 0.03398438371799463 BR
38 18 0.26847236640260214 BR
38 19 0.0007867674290269716 BR
39 0 0.018937595767043104 BR
39 2 0.000244680981666043 BR
39 3 0.5256928330526979 BR
39 5 0.00031759214614459047 BR
39 6 0.0003316345609204947 BR
39 7 0.003927689133231394 BR
39 8 0.004168918759880986 BR
39 9 0.04329562168020435 BR
39 10 0.024543042686096913 BR
39 11 0.0022250139407748236 BR
39 12 0.0028870721402310642 BR
39 13 0.03832257784846867 BR
39 14 0.0006119392247474968 BR
39 16 0.031250270528268155 BR
39 17 0.03398438371799463 BR
39 18 0.26847236640260214 BR
39 19 0.0007867674290269716 BR
40 0 0.018937595767043104 BR
40 2 0.000244680981666043 BR
40 3 0.5256928330526979 BR
40 5 0.00031759214614459047 BR
40 6 0.0003316345609204947 BR
40 7 0.003927689133231394 BR
40 8 0.004168918759880986 BR
40 9 0.04329562168020435 BR
40 10 0.024543042686096913 BR
40 11 0.0022250139407748236 BR
40 12 0.0028870721402310642 BR
40 13 0.03832257784846867 BR
40 14 0.0006119392247474968 BR
40 16 0.031250270528268155 BR
40 17 0.03398438371799463 BR
40 18 0.26847236640260214 BR
40 19 0.0007867674290269716 BR
41 0 0.018937595767043104 BR
41 2 0.000244680981666043 BR
41 3 0.5256928330526979 BR
41 5 0.00031759214614459047 BR
41 6 0.0003316345609204947 BR
41 7 0.003927689133231394 BR
41 8 0.004168918759880986 BR
41 9 0.04329562168020435 BR
41 10 0.024543042686096913 BR
41 11 0.0022250139407748236 BR
41 12 0.0028870721402310642 BR
41 13 0.03832257784846867 BR
41 14 0.0006119392247474968 BR
41 16 0.031250270528268155 BR
41 17 0.03398438371799463 BR
41 18 0.26847236640260214 BR
41 19 0.0007867674290269716 BR
42 0 0.018230468974536108 BR
42 2 0.00023554463300376572 BR
42 3 0.5060635468722742 BR
42 5 0.00030573330627963423 BR
42 6 0.0003192513795371278 BR
42 7 0.003781029850135916 BR
42 8 0.004013252001166705 BR
42 9 0.04167897010178175 BR
42 10 0.060966449222972036 BR
42 11 0.0021419322766302352 BR
42 12 0.0027792693289676227 BR
42 13 0.03689161893013822 BR
42 14 0.0005890895121161832 BR
42 16 0.03008339043242796 BR
42 17 0.032715412273601786 BR
42 18 0.25844765124517866 BR
42 19 0.0007573896592519393 BR
43 0 0.018937595767043104 BR
43 2 0.000244680981666043 BR
43 3 0.5256928330526979 BR
43 5 0.00031759214614459047 BR
43 6 0.0003316345609204947 BR
43 7 0.003927689133231394 BR
43 8 0.004168918759880986 BR
43 9 0.04329562168020435 BR
43 10 0.024543042686096913 BR
43 11 0.0022250139407748236 BR
43 12 0.0028870721402310642 BR
43 13 0.03832257784846867 BR
43 14 0.0006119392247474968 BR
43 16 0.031250270528268155 BR
43 17 0.03398438371799463 BR
43 18 0.26847236640260214 BR
43 19 0.0007867674290269716 BR
44 0 0.018937595767043104 BR
44 2 0.000244680981666043 BR
44 3 0.5256928330526979 BR
44 5 0.00031759214614459047 BR
44 6 0.0003316345609204947 BR
44 7 0.003927689133231394 BR
44 8 0.004168918759880986 BR
44 9 0.04329562168020435 BR
44 10 0.024543042686096913 BR
44 11 0.0022250139407748236 BR
44 12 0.0028870721402310642 BR
44 13 0.03832257784846867 BR
44 14 0.0006119392247474968 BR
44 16 0.031250270528268155 BR
44 17 0.03398438371799463 BR
44 18 0.26847236640260214 BR
44 19 0.0007867674290269716 BR
45 0 0.018937595767043104 BR
45 2 0.000244680981666043 BR
45 3 0.5256928330526979 BR
45 5 0.00031759214614459047 BR
45 6 0.0003316345609204947 BR
45 7 0.003927689133231394 BR
45 8 0.004168918759880986 BR
45 9 0.04329562168020435 BR
45 10 0.024543042686096913 BR
45 11 0.0022250139407748236 BR
45 12 0.0028870721402310642 BR
45 13 0.03832257784846867 BR
45 14 0.0006119392247474968 BR
45 16 0.031250270528268155 BR
45 17 0.03398438371799463 BR
45 18 0.26847236640260214 BR
45 19 0.0007867674290269716 BR
46 0 0.018937595767043104 BR
46 2 0.000244680981666043 BR
46 3 0.5256928330526979 BR
46 5 0.00031759214614459047 BR
46 6 0.0003316345609204947 BR
46 7 0.003927689133231394 BR
46 8 0.004168918759880986 BR
46 9 0.04329562168020435 BR
46 10 0.024543042686096913 BR
46 11 0.0022250139407748236 BR
46 12 0.0028870721402310642 BR
46 13 0.03832257784846867 BR
46 14 0.0006119392247474968 BR
46 16 0.031250270528268155 BR
46 17 0.03398438371799463 BR
46 18 0.26847236640260214 BR
46 19 0.0007867674290269716 BR
47 0 0.26149966700056526 BR
47 2 0.0033786757312875056 BR
47 3 0.008280384336970351 BR
47 5 0.008820006777393601 BR
47 6 0.00920824533674564 BR
47 7 0.04957782018998557 BR
47 8 0.0093444131764707 BR
47 9 0.4879955645923216 BR
47 10 0.01674542575116855 BR
47 11 0.07677023401359448 BR
47 12 0.03910301354812128 BR
47 13 0.004974181965774571 BR
47 14 0.008449958773253522 BR
47 16 0.00487408859506345 BR
47 17 0.004986013594615655 BR
47 18 0.004228808608175612 BR
47 19 0.001763498008492612 BR
48 0 0.21856147912162646 BR
48 2 0.0028238979183898695 BR
48 3 0.006920747047757717 BR
48 5 0.04635412429049707 BR
48 6 0.04838693130769591 BR
48 7 0.06273628529573144 BR
48 8 0.007810062585542938 BR
48 9 0.03373228994324358 BR
48 10 0.01399583052122533 BR
48 11 0.4689389869067544 BR
48 12 0.03268230731311759 BR
48 13 0.01486764130642242 BR
48 14 0.007062477398852909 BR
48 16 0.014466044670765118 BR
48 17 0.015652523185860658 BR
48 18 0.0035344391636381338 BR
48 19 0.0014739320228784642 BR
49 0 0.6658522701070918 BR
49 2 0.008603066043784517 BR
49 3 0.002986141444356373 BR
49 5 0.006298675406340127 BR
49 6 0.006579083183303761 BR
49 7 0.1144110760021302 BR
49 8 0.0033698604224038273 BR
49 9 0.014554698837779528 BR
49 10 0.0060388754680984445 BR
49 11 0.027685523781473317 BR
49 12 0.09922167556516018 BR
49 13 0.006914447959151064 BR
49 14 0.021515990043191942 BR
49 16 0.007034975920737339 BR
49 17 0.0067726440921986415 BR
49 18 0.0015250283237148007 BR
49 19 0.0006359673990840955 BR
