0 0 0.8 BR
0 12 0.19999999999999996 BR
1 1 0.8 BR
1 4 0.039999999999999994 BR
1 5 0.039999999999999994 BR
1 10 0.039999999999999994 BR
1 12 0.039999999999999994 BR
1 14 0.039999999999999994 BR
2 2 0.8 BR
2 6 0.19999999999999996 BR
3 3 0.8 BR
3 6 0.19999999999999996 BR
4 4 0.8 BR
4 16 0.19999999999999996 BR
5 5 0.8 BR
5 13 0.19999999999999996 BR
6 6 0.8 BR
6 15 0.19999999999999996 BR
7 7 0.8 BR
7 12 0.09999999999999998 BR
7 14 0.09999999999999998 BR
8 8 0.8 BR
8 17 0.19999999999999996 BR
9 9 0.8 BR
9 19 0.19999999999999996 BR
10 10 0.8 BR
10 14 0.09999999999999998 BR
10 15 0.09999999999999998 BR
11 11 1.0 BR
12 12 1.0 BR
13 13 1.0 BR
14 14 1.0 BR
15 15 1.0 BR
16 16 1.0 BR
17 17 0.8 BR
17 19 0.19999999999999996 BR
18 18 1.0 BR
19 19 1.0 BR
