0 542888.4168238307 2630883.6143546207
1 541412.1209540797 2656372.7675143057
2 527522.2689974745 2665573.934893605
3 556553.6495094302 2652783.498404636
4 561299.5190021833 2670462.2416703757
5 545282.8224407798 2676816.9129829854
6 568812.580174769 2628095.890003832
7 555767.7274963749 2614408.2027250268
8 549398.4799948967 2612845.6236157236
9 554688.8560490625 2635712.28680761
10 561240.3635854976 2618515.4582972135
11 586509.7205561325 2665581.887409495
12 574613.9117231901 2672034.6797001134
13 572501.3309358879 2639870.5985721354
14 566447.9936839564 2649371.3099510833
15 589333.3356935027 2649883.0314415735
16 576378.4641722826 2656924.886288728
17 505790.3139751689 2785179.4552127575
18 519301.95153855364 2760406.100317496
19 519158.42337312683 2777953.4559474415
20 502332.0434688628 2764455.8964792253
21 495973.15913091216 2783169.6127294335
22 614299.3238937329 2689695.490008952
23 597160.5988040504 2678951.7037033103
24 600192.826873856 2665256.1906631365
25 567580.5589777776 2703188.3154624053
26 610035.2059051879 2714376.524136242
27 591170.3135807134 2703693.603619866
28 584079.3133957363 2686360.2826019856
29 579806.6154682824 2700746.7235779264
30 590716.30564382 2670987.6811759537
31 613150.4362732301 2701747.8517473824
32 598137.2557073695 2691297.6945671034
33 570819.5966813494 2689404.91721031
34 590580.3654565222 2714358.4253114467
35 536287.8155479836 2696192.2799872607
36 551877.0719223603 2775085.634531629
37 556043.6140726669 2697479.177705561
38 561327.1724444557 2737103.2899780716
39 534728.9292075204 2775411.4156846884
40 560390.8143962055 2725394.254738704
41 521615.41913333494 2736376.915252804
42 537398.2931770863 2739728.8169952044
43 569022.9638638004 2714292.775070497
44 526486.2308335147 2718829.2846214855
45 542505.7445763663 2754385.0934802485
46 542162.2280540729 2716327.560983896
47 494263.4000068283 2692909.1684734477
48 517972.53289222857 2687619.615105949
49 486411.39383420174 2681797.396958173
