0 0 0.8 BR
0 3 0.09999999999999998 BR
0 7 0.09999999999999998 BR
1 1 1.0 BR
2 2 0.8 BR
2 15 0.19999999999999996 BR
3 3 0.8 BR
3 11 0.04999999999999999 BR
3 14 0.04999999999999999 BR
3 15 0.04999999999999999 BR
3 17 0.04999999999999999 BR
4 4 1.0 BR
5 5 0.8 BR
5 8 0.19999999999999996 BR
6 6 0.8 BR
6 11 0.19999999999999996 BR
7 7 0.8 BR
7 12 0.09999999999999998 BR
7 17 0.09999999999999998 BR
8 8 0.8 BR
8 10 0.06666666666666665 BR
8 11 0.06666666666666665 BR
8 15 0.06666666666666665 BR
9 9 1.0 BR
10 10 1.0 BR
11 11 0.8 BR
11 12 0.19999999999999996 BR
12 12 0.8 BR
12 13 0.06666666666666665 BR
12 14 0.06666666666666665 BR
12 17 0.06666666666666665 BR
13 13 0.8 BR
13 15 0.19999999999999996 BR
14 14 0.8 BR
14 16 0.19999999999999996 BR
15 15 0.8 BR
15 17 0.19999999999999996 BR
16 16 0.8 BR
16 17 0.19999999999999996 BR
17 17 1.0 BR
18 18 1.0 BR
19 19 1.0 BR
